4294967278,353
4294967278,352
196,6
4294967279,412
196,5
196,4
196,3
196,2
196,1
196,0
195,4
195,3
195,2
195,1
195,0
194,5
194,4
194,3
194,2
194,1
194,0
4294967279,411
193,8
193,7
193,6
193,5
193,4
193,3
193,2
193,1
193,0
192,4
192,3
192,2
192,1
192,0
4294967279,410
4294967278,351
191,6
191,5
191,4
191,3
191,2
191,1
191,0
190,4
190,3
190,2
190,1
190,0
189,5
189,4
189,3
189,2
189,1
189,0
188,8
4294967279,409
188,7
188,6
188,5
188,4
188,3
188,2
188,1
188,0
187,4
187,3
187,2
187,1
187,0
4294967279,408
4294967278,350
4294967279,407
4294967278,349
186,6
4294967279,406
4294967279,405
186,5
186,4
186,3
186,2
186,1
186,0
185,4
185,3
185,2
185,1
185,0
184,5
184,4
184,3
184,2
184,1
184,0
183,8
183,7
183,6
183,5
183,4
183,3
183,2
183,1
183,0
182,4
182,3
182,2
182,1
182,0
181,6
181,5
181,4
181,3
181,2
181,1
181,0
180,4
180,3
180,2
180,1
180,0
179,5
179,4
179,3
179,2
179,1
179,0
178,8
178,7
4294967279,404
178,6
178,5
178,4
178,3
178,2
178,1
178,0
4294967278,348
177,6
4294967279,359
177,5
177,4
177,3
177,2
177,1
177,0
176,4
176,3
176,2
176,1
176,0
175,5
175,4
175,3
175,2
175,1
175,0
174,8
174,7
174,6
4294967278,347
174,5
174,4
174,3
174,2
174,1
174,0
173,4
173,3
173,2
173,1
173,0
4294967278,346
4294967279,403
172,6
4294967279,402
172,5
172,4
172,3
172,2
172,1
172,0
171,4
171,3
171,2
171,1
171,0
170,5
170,4
170,3
170,2
170,1
170,0
169,8
169,7
169,6
169,5
169,4
169,3
169,2
169,1
169,0
168,4
168,3
168,2
168,1
168,0
4294967278,345
167,6
167,5
167,4
167,3
167,2
167,1
167,0
166,4
166,3
166,2
166,1
166,0
165,5
165,4
165,3
165,2
165,1
165,0
4294967278,344
164,8
164,7
4294967278,343
164,6
164,5
164,4
164,3
164,2
164,1
164,0
163,4
163,3
163,2
163,1
163,0
4294967279,401
4294967278,342
4294967278,341
162,6
162,5
162,4
162,3
162,2
162,1
162,0
161,4
161,3
161,2
161,1
161,0
160,5
160,4
160,3
160,2
160,1
160,0
159,8
159,7
159,6
159,5
159,4
159,3
159,2
159,1
159,0
158,4
158,3
158,2
158,1
158,0
4294967279,400
4294967278,340
157,6
157,5
157,4
157,3
157,2
157,1
157,0
156,4
156,3
156,2
156,1
156,0
155,5
155,4
155,3
155,2
155,1
155,0
154,8
154,7
154,6
154,5
154,4
154,3
154,2
154,1
154,0
153,4
153,3
153,2
153,1
153,0
4294967279,399
4294967278,339
152,6
4294967279,398
152,5
152,4
152,3
152,2
152,1
152,0
151,4
151,3
151,2
151,1
151,0
150,5
150,4
150,3
150,2
150,1
150,0
149,8
149,7
149,6
149,5
149,4
149,3
149,2
149,1
149,0
148,4
148,3
148,2
148,1
148,0
147,6
4294967278,338
147,5
147,4
147,3
147,2
147,1
147,0
146,4
146,3
146,2
146,1
146,0
145,5
145,4
145,3
145,2
145,1
145,0
144,8
144,7
144,6
144,5
144,4
144,3
144,2
144,1
144,0
143,4
143,3
143,2
143,1
143,0
142,6
142,5
142,4
142,3
142,2
142,1
142,0
141,4
141,3
141,2
141,1
141,0
140,5
140,4
140,3
140,2
140,1
140,0
139,8
139,7
139,6
139,5
139,4
139,3
139,2
139,1
139,0
138,4
138,3
138,2
138,1
138,0
137,6
137,5
137,4
137,3
137,2
137,1
137,0
136,4
136,3
136,2
136,1
136,0
135,5
135,4
135,3
135,2
135,1
135,0
134,8
134,7
134,6
134,5
134,4
134,3
134,2
134,1
134,0
133,4
133,3
133,2
133,1
133,0
4294967279,397
4294967278,337
132,6
132,5
132,4
132,3
132,2
132,1
132,0
131,4
131,3
131,2
131,1
131,0
130,5
130,4
130,3
130,2
130,1
130,0
129,8
129,7
129,6
129,5
129,4
129,3
129,2
129,1
129,0
128,4
128,3
128,2
128,1
128,0
4294967278,336
127,6
127,5
127,4
127,3
127,2
127,1
127,0
126,4
126,3
126,2
126,1
126,0
125,5
125,4
125,3
125,2
125,1
125,0
124,8
124,7
124,6
124,5
124,4
124,3
124,2
124,1
124,0
123,4
123,3
123,2
123,1
123,0
4294967278,335
122,6
122,5
122,4
122,3
122,2
122,1
122,0
